{
  "advancedEditorSelectedIdentifier" : "ShaderGraphEditorPluginID",
  "openSceneRelativePaths" : [
    "Immersive.usda"
  ],
  "recentIdentifiers" : {
    "BFD20C2A-535F-4311-ACC7-38485C83B54D" : [

    ]
  },
  "sceneCameraHistory" : {
    "BFD20C2A-535F-4311-ACC7-38485C83B54D" : [
      {
        "date" : 754324341.511994,
        "title" : "Untitled",
        "transform" : [
          0.999119,
          -1.7116162e-09,
          -0.041967988,
          0,
          -0.01149445,
          0.96176225,
          -0.27364448,
          0,
          0.040363077,
          0.27388564,
          0.96091497,
          0,
          0.19396196,
          1.5980675,
          5.5520964,
          1
        ]
      },
      {
        "date" : 754324297.811922,
        "title" : "Untitled",
        "transform" : [
          0.9999124,
          -1.0607236e-08,
          -0.01323146,
          0,
          -0.0007491859,
          0.99839574,
          -0.05661571,
          0,
          0.013210118,
          0.056620494,
          0.99830836,
          0,
          0.03713571,
          0.3427081,
          5.7704763,
          1
        ]
      },
      {
        "date" : 754324289.446778,
        "title" : "Untitled",
        "transform" : [
          0.92469084,
          -1.0570206e-08,
          0.38071892,
          0,
          0.043104272,
          0.99357015,
          -0.10469177,
          0,
          -0.37827104,
          0.113217965,
          0.91874516,
          0,
          -2.222237,
          0.66980153,
          5.2943597,
          1
        ]
      },
      {
        "date" : 754324280.852335,
        "title" : "Untitled",
        "transform" : [
          0.99961656,
          -1.0162143e-08,
          0.027689727,
          0,
          0.0042859814,
          0.98794794,
          -0.15472695,
          0,
          -0.027356092,
          0.15478614,
          0.98756915,
          0,
          -0.19727261,
          0.91000414,
          5.705278,
          1
        ]
      },
      {
        "date" : 754324273.58312,
        "title" : "Untitled",
        "transform" : [
          0.9999964,
          -1.02139035e-08,
          0.0026804907,
          0,
          0.0003657267,
          0.99064785,
          -0.13644318,
          0,
          -0.0026555043,
          0.13644351,
          0.9906443,
          0,
          -0.054563567,
          0.8040142,
          5.724317,
          1
        ]
      },
      {
        "date" : 754324258.631367,
        "title" : "Untitled",
        "transform" : [
          0.94084096,
          -1.0215289e-08,
          0.3388483,
          0,
          0.06259096,
          0.98279184,
          -0.17378911,
          0,
          -0.33301744,
          0.18471661,
          0.92465085,
          0,
          -1.9609765,
          1.0829409,
          5.329074,
          1
        ]
      },
      {
        "date" : 754324226.09935,
        "title" : "Untitled",
        "transform" : [
          0.9756045,
          -5.235009e-09,
          0.21953541,
          0,
          0.0034385729,
          0.99987733,
          -0.01528088,
          0,
          -0.21950862,
          0.015662841,
          0.9754849,
          0,
          -1.1636326,
          0.08303174,
          5.1711245,
          1
        ]
      },
      {
        "date" : 754324184.344831,
        "title" : "Untitled",
        "transform" : [
          0.99953973,
          3.389693e-09,
          -0.030340325,
          0,
          -0.0019348406,
          0.9979645,
          -0.06374135,
          0,
          0.030278454,
          0.06377058,
          0.9975051,
          0,
          0.1605093,
          0.33805498,
          5.2878556,
          1
        ]
      },
      {
        "date" : 754324098.811312,
        "title" : "Untitled",
        "transform" : [
          0.9997049,
          -6.737075e-10,
          -0.024295768,
          0,
          -0.006289012,
          0.965917,
          -0.25877544,
          0,
          0.023467625,
          0.25885177,
          0.9656319,
          0,
          0.1244042,
          1.3721961,
          5.1188927,
          1
        ]
      },
      {
        "date" : 754324084.456405,
        "title" : "Untitled",
        "transform" : [
          0.9992433,
          -1.6680803e-09,
          -0.03889604,
          0,
          -0.012219203,
          0.94937307,
          -0.31391308,
          0,
          0.03692678,
          0.3141507,
          0.9486548,
          0,
          0.19575231,
          1.6653395,
          5.028895,
          1
        ]
      }
    ]
  },
  "sceneViewportBackgroundColors" : {

  },
  "selectedSceneRelativePath" : "Immersive.usda"
}